# unix_time, cycles_done, cur_path, paths_total, pending_total, pending_favs, map_size, unique_crashes, unique_hangs, max_depth, execs_per_sec
1592934738, 0, 0, 13, 13, 1, 1.00%, 0, 0, 1, 382.02
1592934743, 1, 14, 16, 12, 0, 1.00%, 0, 0, 2, 6456.62
1592934749, 4, 0, 22, 12, 0, 1.00%, 0, 0, 2, 855.34
1592934760, 4, 0, 24, 14, 0, 1.00%, 0, 0, 2, 4444.33
1592934765, 4, 0, 28, 18, 0, 1.00%, 0, 0, 2, 650.35
1592934770, 4, 0, 29, 19, 0, 1.00%, 0, 0, 2, 4465.66
1592934787, 4, 0, 32, 22, 0, 1.00%, 0, 0, 2, 617.42
1592934849, 4, 17, 32, 20, 0, 1.00%, 0, 0, 2, 187.63
1592934860, 4, 21, 32, 19, 0, 1.00%, 0, 0, 2, 46.05
1592934870, 4, 24, 32, 18, 0, 1.00%, 0, 0, 2, 45.50
1592934890, 4, 27, 32, 17, 0, 1.00%, 0, 0, 2, 44.77
1592934911, 4, 31, 32, 16, 0, 1.00%, 0, 0, 2, 46.02
1592934921, 5, 15, 32, 14, 0, 1.00%, 0, 0, 2, 3734.46
1592934926, 5, 15, 37, 19, 0, 1.00%, 0, 0, 3, 4601.66
1592934931, 5, 33, 37, 18, 0, 1.00%, 0, 0, 3, 4935.57
1592934936, 5, 34, 38, 18, 0, 1.00%, 0, 0, 4, 4847.88
1592934941, 5, 34, 39, 19, 0, 1.01%, 0, 0, 4, 5063.37
1592934946, 6, 16, 39, 18, 0, 1.01%, 0, 0, 4, 45.82
1592934972, 6, 28, 39, 17, 0, 1.01%, 0, 0, 4, 195.17
1592934987, 7, 20, 39, 16, 0, 1.01%, 0, 0, 4, 45.80
1592935003, 7, 25, 39, 15, 0, 1.01%, 0, 0, 4, 45.36
1592935033, 7, 29, 39, 14, 0, 1.01%, 0, 0, 4, 45.24
1592935069, 8, 35, 39, 12, 0, 1.01%, 0, 0, 4, 3601.15
1592935074, 9, 18, 39, 12, 0, 1.01%, 0, 0, 4, 45.01
1592935105, 9, 30, 39, 11, 0, 1.01%, 0, 0, 4, 44.94
1592935135, 9, 37, 39, 10, 0, 1.01%, 0, 0, 4, 3617.08
1592935146, 10, 5, 39, 9, 0, 1.01%, 0, 0, 4, 86.88
1592935192, 10, 19, 39, 8, 0, 1.01%, 0, 0, 4, 87.91
1592935223, 10, 23, 39, 7, 0, 1.01%, 0, 0, 4, 45.05
1592935253, 10, 26, 39, 6, 0, 1.01%, 0, 0, 4, 45.13
1592935279, 11, 22, 39, 5, 0, 1.01%, 0, 0, 4, 45.19
1592935289, 12, 4, 39, 4, 0, 1.01%, 0, 0, 4, 1292.69
1592935294, 12, 32, 39, 3, 0, 1.01%, 0, 0, 4, 3153.09
1592935299, 12, 35, 39, 2, 0, 1.01%, 0, 0, 4, 44.05
1592935304, 12, 38, 39, 2, 0, 1.01%, 0, 0, 4, 3688.74
1592935315, 13, 35, 39, 1, 0, 1.01%, 0, 0, 4, 44.26
1592935320, 15, 22, 39, 0, 0, 1.01%, 0, 0, 4, 44.59
1592935325, 15, 28, 39, 0, 0, 1.01%, 0, 0, 4, 1238.92
1592935330, 15, 30, 39, 0, 0, 1.01%, 0, 0, 4, 43.99
1592935335, 16, 37, 39, 0, 0, 1.01%, 0, 0, 4, 44.52
1592935340, 22, 12, 40, 1, 0, 1.01%, 0, 0, 4, 2503.48
1592935345, 23, 39, 40, 1, 0, 1.01%, 0, 0, 4, 44.82
1592935351, 24, 39, 40, 0, 0, 1.01%, 0, 0, 4, 267.72
1592935356, 24, 39, 42, 2, 0, 1.01%, 0, 0, 4, 44.72
1592935361, 24, 40, 43, 3, 0, 1.01%, 0, 0, 4, 4058.44
