# unix_time, cycles_done, cur_path, paths_total, pending_total, pending_favs, map_size, unique_crashes, unique_hangs, max_depth, execs_per_sec
1592934802, 0, 0, 13, 13, 1, 1.00%, 0, 0, 1, 0.00
1592934807, 5, 17, 24, 13, 0, 1.00%, 0, 0, 5, 4899.27
1592934812, 6, 18, 28, 13, 0, 1.00%, 0, 0, 6, 5069.12
1592934817, 7, 0, 28, 12, 0, 1.00%, 0, 0, 6, 45.82
1592934823, 8, 18, 28, 7, 0, 1.00%, 0, 0, 6, 4888.72
1592934828, 10, 22, 30, 7, 0, 1.02%, 0, 0, 6, 4978.84
1592934833, 11, 31, 33, 7, 0, 1.02%, 0, 0, 7, 4592.63
1592934838, 12, 33, 34, 5, 0, 1.02%, 0, 0, 7, 4819.69
1592934843, 15, 6, 34, 2, 0, 1.02%, 0, 0, 7, 4519.33
1592934848, 18, 3, 34, 0, 0, 1.02%, 0, 0, 7, 4126.27
1592934853, 21, 28, 34, 0, 0, 1.02%, 0, 0, 7, 4547.14
1592934858, 22, 21, 34, 0, 0, 1.02%, 0, 0, 7, 3049.92
1592934863, 26, 17, 35, 1, 0, 1.02%, 0, 0, 7, 4357.33
1592934868, 30, 18, 35, 0, 0, 1.02%, 0, 0, 7, 2981.86
1592934873, 34, 34, 35, 0, 0, 1.02%, 0, 0, 7, 4076.74
1592934879, 39, 18, 35, 0, 0, 1.02%, 0, 0, 7, 4227.71
1592934884, 43, 28, 35, 0, 0, 1.02%, 0, 0, 7, 346.41
1592934889, 47, 9, 35, 0, 0, 1.02%, 0, 0, 7, 3121.66
1592934895, 50, 34, 35, 0, 0, 1.02%, 0, 0, 7, 3720.31
1592934900, 53, 34, 35, 0, 0, 1.02%, 0, 0, 7, 4328.32
1592934905, 58, 22, 35, 0, 0, 1.02%, 0, 0, 7, 4426.68
1592934910, 62, 30, 35, 0, 0, 1.02%, 0, 0, 7, 4438.30
1592934915, 66, 35, 40, 5, 0, 1.02%, 0, 0, 7, 4581.29
1592934920, 69, 18, 40, 3, 0, 1.02%, 0, 0, 7, 4396.13
1592934925, 69, 40, 42, 3, 0, 1.08%, 0, 0, 8, 447.61
1592934936, 71, 18, 44, 4, 0, 1.08%, 0, 0, 8, 223.78
1592934941, 71, 41, 45, 5, 0, 1.08%, 0, 0, 8, 4175.94
1592934946, 72, 29, 45, 2, 0, 1.08%, 0, 0, 8, 4551.47
1592934951, 73, 31, 45, 2, 0, 1.08%, 0, 0, 8, 4183.66
1592934957, 74, 36, 45, 1, 0, 1.08%, 0, 0, 8, 162.78
1592934963, 76, 36, 46, 2, 0, 1.08%, 0, 0, 8, 3979.04
1592934968, 77, 36, 47, 1, 0, 1.08%, 0, 0, 8, 4611.40
1592934973, 79, 4, 47, 0, 0, 1.08%, 0, 0, 8, 4646.58
1592934978, 81, 35, 47, 0, 0, 1.08%, 0, 0, 8, 4686.04
1592934983, 82, 18, 47, 0, 0, 1.08%, 0, 0, 8, 4021.97
1592934988, 82, 42, 47, 0, 0, 1.08%, 0, 0, 8, 4442.05
1592934993, 83, 47, 48, 1, 0, 1.08%, 0, 0, 8, 4135.29
1592934998, 84, 38, 48, 0, 0, 1.08%, 0, 0, 8, 2889.34
1592935003, 86, 40, 48, 0, 0, 1.08%, 0, 0, 8, 3720.45
1592935013, 87, 31, 48, 0, 0, 1.08%, 0, 0, 8, 44.00
1592935018, 88, 31, 48, 0, 0, 1.08%, 0, 0, 8, 43.75
1592935024, 88, 41, 48, 0, 0, 1.08%, 0, 0, 8, 465.92
1592935029, 89, 47, 48, 0, 0, 1.08%, 0, 0, 8, 3515.14
1592935034, 91, 45, 48, 0, 0, 1.08%, 0, 0, 8, 3982.77
1592935039, 93, 36, 48, 0, 0, 1.08%, 0, 0, 8, 3597.20
1592935044, 95, 28, 48, 0, 0, 1.08%, 0, 0, 8, 3651.14
1592935050, 95, 47, 48, 0, 0, 1.08%, 0, 0, 8, 100.36
1592935055, 96, 42, 48, 0, 0, 1.08%, 0, 0, 8, 157.11
1592935060, 98, 39, 48, 0, 0, 1.08%, 0, 0, 8, 3796.92
1592935065, 100, 13, 48, 0, 0, 1.08%, 0, 0, 8, 3773.17
1592935070, 101, 37, 48, 0, 0, 1.08%, 0, 0, 8, 3854.51
1592935075, 102, 36, 48, 0, 0, 1.08%, 0, 0, 8, 3719.45
1592935080, 104, 47, 48, 0, 0, 1.08%, 0, 0, 8, 3626.13
1592935085, 105, 47, 50, 2, 0, 1.08%, 0, 0, 9, 3933.54
1592935090, 107, 36, 50, 1, 0, 1.08%, 0, 0, 9, 3749.68
1592935095, 107, 40, 50, 1, 0, 1.08%, 0, 0, 9, 1711.44
1592935105, 107, 44, 50, 1, 0, 1.08%, 0, 0, 9, 71.81
1592935111, 108, 40, 50, 1, 0, 1.08%, 0, 0, 9, 46.13
1592935116, 108, 46, 50, 1, 0, 1.08%, 0, 0, 9, 3886.61
1592935122, 111, 0, 50, 1, 0, 1.08%, 0, 0, 9, 3677.95
1592935127, 111, 48, 50, 1, 0, 1.08%, 0, 0, 9, 412.87
1592935132, 112, 18, 50, 0, 0, 1.08%, 0, 0, 9, 1808.80
1592935137, 115, 25, 50, 0, 0, 1.08%, 0, 0, 9, 3567.22
1592935142, 116, 36, 50, 0, 0, 1.08%, 0, 0, 9, 3568.61
1592935147, 120, 33, 51, 1, 0, 1.08%, 0, 0, 9, 3616.10
1592935152, 121, 38, 51, 1, 0, 1.08%, 0, 0, 9, 4305.33
1592935158, 122, 42, 51, 0, 0, 1.08%, 0, 0, 9, 3885.17
1592935163, 125, 36, 51, 0, 0, 1.08%, 0, 0, 9, 3779.41
1592935169, 127, 40, 51, 0, 0, 1.08%, 0, 0, 9, 312.41
1592935174, 129, 16, 51, 0, 0, 1.08%, 0, 0, 9, 43.22
1592935179, 130, 23, 51, 0, 0, 1.08%, 0, 0, 9, 2984.67
1592935185, 132, 5, 51, 0, 0, 1.08%, 0, 0, 9, 3814.07
1592935190, 134, 36, 51, 0, 0, 1.08%, 0, 0, 9, 3799.69
1592935195, 137, 23, 51, 0, 0, 1.08%, 0, 0, 9, 3160.97
1592935200, 140, 18, 51, 0, 0, 1.08%, 0, 0, 9, 3768.47
1592935205, 143, 41, 51, 0, 0, 1.08%, 0, 0, 9, 3684.79
1592935210, 144, 42, 51, 0, 0, 1.08%, 0, 0, 9, 3998.96
1592935215, 144, 45, 51, 0, 0, 1.08%, 0, 0, 9, 44.37
1592935220, 146, 25, 51, 0, 0, 1.08%, 0, 0, 9, 3132.13
1592935225, 146, 40, 51, 0, 0, 1.08%, 0, 0, 9, 44.93
1592935231, 146, 42, 51, 0, 0, 1.08%, 0, 0, 9, 2725.99
1592935241, 148, 28, 51, 0, 0, 1.08%, 0, 0, 9, 4123.13
1592935246, 151, 18, 51, 0, 0, 1.08%, 0, 0, 9, 4007.06
1592935251, 151, 42, 51, 0, 0, 1.08%, 0, 0, 9, 3894.49
1592935256, 152, 46, 51, 0, 0, 1.08%, 0, 0, 9, 4136.03
1592935261, 153, 49, 51, 0, 0, 1.08%, 0, 0, 9, 3797.02
1592935266, 154, 42, 51, 0, 0, 1.08%, 0, 0, 9, 3776.73
1592935271, 157, 29, 51, 0, 0, 1.08%, 0, 0, 9, 3813.70
1592935276, 161, 18, 51, 0, 0, 1.08%, 0, 0, 9, 3835.76
1592935282, 163, 36, 51, 0, 0, 1.08%, 0, 0, 9, 4058.04
1592935288, 165, 38, 51, 0, 0, 1.08%, 0, 0, 9, 408.29
1592935293, 166, 18, 51, 0, 0, 1.08%, 0, 0, 9, 2049.90
1592935298, 170, 36, 51, 0, 0, 1.08%, 0, 0, 9, 3118.73
1592935303, 171, 49, 51, 0, 0, 1.08%, 0, 0, 9, 3284.77
1592935308, 173, 13, 51, 0, 0, 1.08%, 0, 0, 9, 3183.66
1592935313, 173, 49, 51, 0, 0, 1.08%, 0, 0, 9, 3274.20
1592935318, 174, 50, 51, 0, 0, 1.08%, 0, 0, 9, 3355.97
1592935323, 177, 15, 51, 0, 0, 1.08%, 0, 0, 9, 3239.09
1592935328, 177, 45, 51, 0, 0, 1.08%, 0, 0, 9, 43.71
1592935334, 178, 40, 51, 0, 0, 1.08%, 0, 0, 9, 153.66
1592935340, 179, 31, 51, 0, 0, 1.08%, 0, 0, 9, 207.36
1592935345, 179, 48, 51, 0, 0, 1.08%, 0, 0, 9, 112.58
1592935350, 181, 13, 51, 0, 0, 1.08%, 0, 0, 9, 2716.97
1592935356, 182, 40, 52, 1, 0, 1.08%, 0, 0, 9, 3385.01
1592935361, 182, 42, 53, 2, 0, 1.08%, 0, 0, 9, 3260.48
1592935371, 185, 34, 53, 1, 0, 1.08%, 0, 0, 9, 3519.47
1592935376, 188, 51, 53, 1, 0, 1.08%, 0, 0, 9, 3458.31
1592935382, 189, 40, 53, 0, 0, 1.08%, 0, 0, 9, 45.56
1592935387, 191, 37, 53, 0, 0, 1.08%, 0, 0, 9, 3022.69
1592935392, 192, 27, 53, 0, 0, 1.08%, 0, 0, 9, 3526.34
1592935397, 192, 47, 53, 0, 0, 1.08%, 0, 0, 9, 3850.73
1592935402, 194, 49, 53, 0, 0, 1.08%, 0, 0, 9, 3895.59
1592935407, 195, 40, 53, 0, 0, 1.08%, 0, 0, 9, 48.42
1592935417, 197, 18, 53, 0, 0, 1.08%, 0, 0, 9, 3761.10
